0 0.607813 0.166667 0.6 0.180556 0.6 0.194444 0.601562 0.197222 0.603125 0.197222 0.604688 0.194444 0.604688 0.191667 0.607813 0.186111 0.609375 0.186111 0.610937 0.183333 0.610937 0.180556 0.615625 0.172222 0.615625 0.169444 0.614062 0.166667 1
0 0.646875 0.144444 0.640625 0.155556 0.639063 0.155556 0.6375 0.158333 0.6375 0.161111 0.639063 0.163889 0.639063 0.166667 0.642187 0.166667 0.64375 0.163889 0.653125 0.163889 0.654688 0.161111 0.654688 0.158333 0.657812 0.152778 0.660937 0.152778 0.6625 0.15 0.664062 0.15 0.664062 0.147222 0.6625 0.147222 0.660937 0.144444 2
0 0.301562 0.0777778 0.3 0.0805556 0.3 0.0944444 0.301562 0.0972222 0.303125 0.0972222 0.304688 0.0944444 0.304688 0.0916667 0.307813 0.0861111 0.309375 0.0861111 0.310937 0.0833333 0.310937 0.0805556 0.309375 0.0777778 3
0 0.620313 0.277778 0.61875 0.280556 0.61875 0.294444 0.620313 0.297222 0.628125 0.297222 0.629687 0.294444 0.629687 0.291667 0.632812 0.286111 0.634375 0.286111 0.635938 0.283333 0.635938 0.280556 0.634375 0.277778 4
0 0.292188 0.344444 0.290625 0.347222 0.289062 0.347222 0.289062 0.35 0.2875 0.352778 0.2875 0.383333 0.289062 0.386111 0.290625 0.386111 0.292188 0.383333 0.292188 0.375 0.29375 0.372222 0.29375 0.369444 0.298438 0.361111 0.298438 0.347222 0.296875 0.344444 5
0 0.420312 0.566667 0.41875 0.569444 0.417188 0.569444 0.410937 0.580556 0.410937 0.583333 0.40625 0.591667 0.40625 0.594444 0.407813 0.597222 0.414062 0.597222 0.420312 0.586111 0.421875 0.586111 0.423438 0.583333 0.423438 0.580556 0.426562 0.575 0.428125 0.575 0.429688 0.572222 0.429688 0.569444 0.428125 0.566667 6
0 0.595312 0.222222 0.59375 0.225 0.59375 0.25 0.595312 0.252778 0.603125 0.252778 0.604688 0.25 0.604688 0.241667 0.603125 0.238889 0.603125 0.236111 0.598437 0.227778 0.598437 0.225 0.596875 0.222222 7
0 0.732813 0.422222 0.73125 0.425 0.73125 0.45 0.732813 0.452778 0.7375 0.452778 0.739062 0.455556 0.742188 0.45 0.742188 0.447222 0.740625 0.444444 0.740625 0.441667 0.7375 0.436111 0.7375 0.433333 0.735937 0.430556 0.735937 0.425 0.734375 0.422222 8
0 0.389062 0.911111 0.3875 0.913889 0.3875 0.927778 0.389062 0.930556 0.396875 0.930556 0.398438 0.927778 0.398438 0.922222 0.392188 0.911111 9
0 0.520312 0.366667 0.51875 0.369444 0.51875 0.391667 0.520312 0.394444 0.521875 0.394444 0.523438 0.391667 0.523438 0.369444 0.521875 0.366667 10
0 0.245312 0.677778 0.24375 0.680556 0.24375 0.705556 0.245312 0.708333 0.246875 0.708333 0.248437 0.705556 0.248437 0.680556 0.246875 0.677778 11
0 0.357812 0.444444 0.35625 0.447222 0.35625 0.461111 0.357812 0.463889 0.3625 0.463889 0.364062 0.466667 0.367188 0.461111 0.367188 0.458333 0.365625 0.455556 0.365625 0.452778 0.3625 0.447222 0.360938 0.447222 0.359375 0.444444 12
0 0.226562 0.633333 0.225 0.636111 0.225 0.638889 0.228125 0.644444 0.235938 0.644444 0.2375 0.641667 0.246875 0.641667 0.248437 0.638889 0.248437 0.636111 0.246875 0.633333 13
0 0.714063 0.222222 0.7125 0.225 0.710938 0.225 0.707812 0.230556 0.707812 0.233333 0.70625 0.236111 0.70625 0.238889 0.707812 0.241667 0.715625 0.241667 0.717188 0.238889 0.717188 0.236111 0.720312 0.230556 0.721875 0.230556 0.723437 0.227778 0.723437 0.225 0.721875 0.222222 14
0 0.689062 0.0555556 0.6875 0.0583333 0.6875 0.0611111 0.689062 0.0638889 0.696875 0.0638889 0.698438 0.0666667 0.703125 0.0666667 0.703125 0.0638889 0.704687 0.0611111 0.704687 0.0583333 0.703125 0.0555556 15
0 0.582812 0.722222 0.58125 0.725 0.58125 0.733333 0.582812 0.736111 0.582812 0.738889 0.5875 0.747222 0.5875 0.75 0.589063 0.752778 0.59375 0.752778 0.595312 0.755556 0.596875 0.755556 0.6 0.75 0.6 0.747222 0.598437 0.744444 0.598437 0.736111 0.596875 0.733333 0.595312 0.733333 0.592188 0.727778 0.592188 0.725 0.590625 0.722222 16
0 0.345313 0.1 0.34375 0.102778 0.34375 0.113889 0.346875 0.119444 0.348437 0.116667 0.35 0.116667 0.351562 0.113889 0.353125 0.113889 0.354688 0.111111 0.357812 0.111111 0.359375 0.108333 0.365625 0.108333 0.367188 0.105556 0.367188 0.102778 0.365625 0.1 17
0 0.626562 0.422222 0.625 0.425 0.625 0.427778 0.628125 0.433333 0.63125 0.433333 0.632812 0.436111 0.635938 0.430556 0.635938 0.425 0.634375 0.422222 18
0 0.182812 0.155556 0.18125 0.158333 0.18125 0.183333 0.189063 0.197222 0.190625 0.197222 0.192188 0.194444 0.192188 0.169444 0.184375 0.155556 19
0 0.589063 0.611111 0.5875 0.613889 0.5875 0.616667 0.589063 0.619444 0.596875 0.619444 0.598437 0.616667 0.598437 0.613889 0.596875 0.611111 20
0 0.164062 0.655556 0.1625 0.658333 0.1625 0.661111 0.164062 0.663889 0.165625 0.663889 0.16875 0.669444 0.16875 0.672222 0.170312 0.675 0.171875 0.675 0.175 0.680556 0.175 0.683333 0.176563 0.686111 0.179688 0.686111 0.18125 0.683333 0.182812 0.683333 0.182812 0.672222 0.18125 0.669444 0.18125 0.666667 0.179688 0.663889 0.179688 0.661111 0.178125 0.658333 0.176563 0.658333 0.175 0.655556 21
0 0.720312 0.7 0.71875 0.702778 0.71875 0.727778 0.720312 0.730556 0.721875 0.730556 0.723437 0.727778 0.723437 0.702778 0.721875 0.7 22
0 0.526563 0.188889 0.525 0.191667 0.525 0.202778 0.534375 0.219444 0.542188 0.219444 0.54375 0.216667 0.545313 0.216667 0.545313 0.202778 0.542188 0.197222 0.542188 0.191667 0.540625 0.188889 23
0 0.507812 0.344444 0.50625 0.347222 0.50625 0.35 0.507812 0.352778 0.5125 0.352778 0.514063 0.355556 0.520312 0.355556 0.521875 0.352778 0.528125 0.352778 0.529688 0.35 0.529688 0.347222 0.528125 0.344444 24
0 0.345313 0.0333333 0.34375 0.0361111 0.34375 0.0611111 0.345313 0.0638889 0.346875 0.0638889 0.360938 0.0388889 0.360938 0.0361111 0.359375 0.0333333 25
0 0.514063 0.911111 0.5125 0.913889 0.5125 0.916667 0.509375 0.922222 0.507812 0.922222 0.50625 0.925 0.50625 0.938889 0.507812 0.941667 0.517187 0.941667 0.51875 0.938889 0.520312 0.938889 0.525 0.930556 0.526563 0.930556 0.529688 0.925 0.529688 0.913889 0.528125 0.911111 26
0 0.201562 0.911111 0.2 0.913889 0.2 0.916667 0.201562 0.919444 0.215625 0.919444 0.217187 0.916667 0.21875 0.916667 0.21875 0.913889 0.217187 0.913889 0.215625 0.911111 27
0 0.320312 0.888889 0.31875 0.891667 0.31875 0.927778 0.320312 0.930556 0.323438 0.930556 0.328125 0.922222 0.328125 0.919444 0.329688 0.916667 0.329688 0.913889 0.328125 0.911111 0.328125 0.905556 0.325 0.9 0.325 0.897222 0.323438 0.894444 0.323438 0.891667 0.321875 0.888889 28
0 0.114063 0.322222 0.1125 0.325 0.1125 0.366667 0.114063 0.369444 0.114063 0.372222 0.115625 0.372222 0.115625 0.369444 0.117188 0.366667 0.117188 0.361111 0.121875 0.352778 0.121875 0.35 0.123438 0.347222 0.123438 0.341667 0.121875 0.338889 0.121875 0.333333 0.115625 0.322222 29
0 0.251563 0.8 0.25 0.802778 0.25 0.805556 0.251563 0.808333 0.253125 0.808333 0.257812 0.816667 0.260938 0.816667 0.260938 0.811111 0.2625 0.808333 0.2625 0.802778 0.260938 0.802778 0.259375 0.8 30
0 0.770312 0.777778 0.76875 0.780556 0.76875 0.783333 0.770312 0.786111 0.790625 0.786111 0.792188 0.783333 0.792188 0.780556 0.790625 0.777778 31
0 0.482812 0.877778 0.48125 0.880556 0.48125 0.894444 0.482812 0.897222 0.484375 0.897222 0.485938 0.894444 0.485938 0.880556 0.484375 0.877778 32
0 0.501562 0.888889 0.5 0.891667 0.5 0.894444 0.501562 0.897222 0.501562 0.9 0.504687 0.9 0.50625 0.897222 0.509375 0.897222 0.510938 0.894444 0.510938 0.891667 0.509375 0.888889 33
0 0.040625 0.477778 0.0375 0.483333 0.0375 0.494444 0.0390625 0.497222 0.0515625 0.497222 0.0578125 0.486111 0.059375 0.486111 0.0609375 0.483333 0.0609375 0.480556 0.059375 0.477778 34
0 0.145313 0.188889 0.14375 0.191667 0.14375 0.216667 0.145313 0.219444 0.146875 0.219444 0.15 0.225 0.15 0.227778 0.151562 0.230556 0.153125 0.230556 0.154687 0.227778 0.154687 0.202778 0.146875 0.188889 35
0 0.457812 0.466667 0.45625 0.469444 0.45625 0.483333 0.457812 0.486111 0.457812 0.488889 0.460938 0.494444 0.460938 0.497222 0.4625 0.5 0.4625 0.505556 0.464063 0.508333 0.471875 0.508333 0.473437 0.505556 0.473437 0.491667 0.46875 0.483333 0.46875 0.480556 0.467187 0.477778 0.467187 0.472222 0.464063 0.466667 36
0 0.301562 0.511111 0.3 0.513889 0.3 0.516667 0.301562 0.519444 0.303125 0.519444 0.30625 0.525 0.30625 0.527778 0.309375 0.527778 0.310937 0.525 0.310937 0.513889 0.309375 0.511111 37
0 0.339063 0.466667 0.3375 0.469444 0.3375 0.472222 0.339063 0.475 0.346875 0.475 0.348437 0.472222 0.348437 0.469444 0.346875 0.466667 38
0 0.764063 0.0111111 0.7625 0.0138889 0.7625 0.0277778 0.764063 0.0305556 0.767187 0.0305556 0.76875 0.0333333 0.776563 0.0333333 0.778125 0.0305556 0.779688 0.0305556 0.779688 0.0277778 0.78125 0.025 0.78125 0.0194444 0.779688 0.0166667 0.779688 0.0138889 0.778125 0.0111111 39
0 0.576563 0.377778 0.575 0.380556 0.575 0.383333 0.576563 0.386111 0.578125 0.386111 0.579687 0.383333 0.579687 0.380556 0.578125 0.377778 40
0 0.420312 0.9 0.41875 0.902778 0.41875 0.905556 0.420312 0.908333 0.426562 0.908333 0.428125 0.911111 0.429688 0.911111 0.43125 0.908333 0.435937 0.908333 0.4375 0.905556 0.4375 0.902778 0.435937 0.902778 0.434375 0.9 41
0 0.514063 0.822222 0.5125 0.825 0.5125 0.838889 0.515625 0.844444 0.517187 0.844444 0.51875 0.847222 0.51875 0.85 0.520312 0.852778 0.523438 0.852778 0.525 0.85 0.526563 0.85 0.528125 0.847222 0.526563 0.844444 0.526563 0.838889 0.525 0.836111 0.525 0.833333 0.523438 0.830556 0.523438 0.827778 0.520312 0.822222 42
0 0.670313 0.911111 0.66875 0.913889 0.66875 0.927778 0.670313 0.930556 0.684375 0.930556 0.690625 0.919444 0.695312 0.927778 0.696875 0.927778 0.696875 0.919444 0.695312 0.916667 0.695312 0.913889 0.692187 0.913889 0.690625 0.911111 43
0 0.189063 0.877778 0.1875 0.880556 0.1875 0.905556 0.189063 0.908333 0.190625 0.908333 0.192188 0.905556 0.192188 0.880556 0.190625 0.877778 44
0 0.114063 0.455556 0.1125 0.458333 0.1125 0.486111 0.115625 0.491667 0.11875 0.486111 0.121875 0.486111 0.123438 0.483333 0.123438 0.458333 0.121875 0.455556 45
0 0.740625 0.5 0.739062 0.502778 0.739062 0.511111 0.746875 0.511111 0.748438 0.508333 0.753125 0.508333 0.754687 0.505556 0.754687 0.502778 0.753125 0.5 46
0 0.839063 0.666667 0.8375 0.669444 0.834375 0.669444 0.834375 0.672222 0.8375 0.672222 0.839063 0.675 0.840625 0.672222 0.840625 0.669444 47
0 0.732813 0.522222 0.73125 0.525 0.729688 0.525 0.729688 0.527778 0.73125 0.527778 0.732813 0.530556 0.740625 0.530556 0.742188 0.533333 0.751562 0.533333 0.753125 0.530556 0.753125 0.525 0.751562 0.522222 48
0 0.0078125 0.366667 0.00625 0.369444 0.00625 0.372222 0.0078125 0.375 0.0171875 0.375 0.01875 0.377778 0.021875 0.377778 0.025 0.372222 0.025 0.369444 0.0234375 0.369444 0.021875 0.366667 49
0 0.0578125 0.222222 0.05625 0.225 0.05625 0.227778 0.053125 0.233333 0.0515625 0.233333 0.04375 0.247222 0.04375 0.255556 0.0453125 0.258333 0.0453125 0.261111 0.046875 0.261111 0.0515625 0.252778 0.053125 0.252778 0.0546875 0.25 0.0546875 0.247222 0.0578125 0.241667 0.059375 0.241667 0.0609375 0.238889 0.0609375 0.236111 0.0640625 0.230556 0.065625 0.230556 0.0671875 0.227778 0.0671875 0.225 0.065625 0.222222 50
0 0.726562 0.566667 0.725 0.569444 0.725 0.572222 0.726562 0.575 0.726562 0.577778 0.728125 0.577778 0.729688 0.580556 0.729688 0.583333 0.73125 0.583333 0.732813 0.586111 0.734375 0.586111 0.7375 0.580556 0.735937 0.577778 0.735937 0.569444 0.734375 0.566667 51
0 0.220313 0.6 0.21875 0.602778 0.21875 0.605556 0.220313 0.608333 0.240625 0.608333 0.242188 0.605556 0.242188 0.602778 0.240625 0.6 52
0 0.195312 0.411111 0.19375 0.413889 0.19375 0.427778 0.195312 0.430556 0.198437 0.430556 0.2 0.427778 0.201562 0.427778 0.207813 0.416667 0.207813 0.413889 0.20625 0.413889 0.204688 0.411111 53
0 0.35 0.733333 0.348437 0.736111 0.345313 0.736111 0.345313 0.738889 0.348437 0.738889 0.35 0.741667 0.353125 0.741667 0.354688 0.738889 0.354688 0.736111 0.353125 0.733333 54
0 0.476562 0.9 0.475 0.902778 0.475 0.905556 0.478125 0.911111 0.479688 0.908333 0.484375 0.908333 0.485938 0.905556 0.485938 0.902778 0.484375 0.9 55
